7.711882962292591071e-01
6.015365392416731627e-01
5.953666557250957281e-01
5.570205088399240445e-01
6.523259092980226992e-01
7.723339633460902798e-01
6.367770378809917142e-01
6.036461638709847977e-01
6.298991184978051106e-01
7.351696654737313041e-01
5.730989917623586782e-01
4.886846524500949029e-01
6.311766402876806126e-01
5.754662210220025109e-01
5.084763403597285514e-01
6.818602578401610215e-01
5.407871735368614541e-01
5.644853713308961574e-01
5.521882034172973519e-01
6.939966131898861468e-01
5.656982556301833887e-01
4.854926531155149827e-01
5.858598927780136467e-01
6.051421949929123301e-01
6.607579260940883437e-01
5.780658828420709439e-01
6.544162464566455339e-01
5.161553311966792235e-01
5.091986408632332983e-01
4.849948628063880940e-01
6.962706574284324157e-01
7.451237991303290009e-01
6.647547107838428504e-01
6.358950268259294658e-01
7.256148585598619638e-01
6.195440354512682379e-01
6.158259198731620421e-01
8.128661679152946462e-01
5.897928936489980067e-01
7.131981483750716722e-01
5.718913264305158783e-01
7.688130560652006729e-01
5.355003925698300637e-01
4.671385137529819320e-01
6.498323222763076057e-01
4.046672352285923258e-01
4.221622362943304729e-01
6.110739414674448700e-01
7.125185636179082183e-01
5.215322698165860693e-01
7.019498141497330090e-01
7.528012636519979539e-01
6.141984363222111609e-01
6.482798046135909154e-01
7.507023535834619343e-01
6.507796982019737886e-01
5.740098326448115351e-01
5.650115046031565225e-01
6.283797290378669853e-01
5.543559170723857399e-01
5.290442025926404002e-01
5.686298606666948530e-01
4.463143556835267867e-01
6.648706486647918412e-01
5.676993767493234699e-01
7.190223597299987279e-01
7.979258530238158009e-01
6.053776451124937008e-01
4.994432512679424230e-01
5.384172544607607191e-01
7.954355480222866648e-01
4.894795149413125324e-01
5.504266640780069997e-01
4.714271865253498728e-01
4.943765855420776401e-01
5.283601202347236736e-01
4.988398060881285567e-01
8.204671031233969902e-01
6.092921641944583078e-01
4.832622342145331817e-01
4.696502310433430250e-01
4.921437412336951978e-01
6.306926695830010754e-01
7.368877309343613291e-01
5.802630666530326220e-01
3.827048163562680738e-01
4.558987696784905785e-01
6.080507511216001193e-01
6.682506414741312684e-01
4.189115992405705868e-01
7.699400609452915489e-01
6.551788451240821987e-01
4.637631692753358958e-01
4.137888264502960212e-01
6.032190634811510632e-01
8.040642732056602071e-01
5.792522473965291407e-01
5.946845805452116718e-01
5.787640917588267042e-01
5.457423500969423857e-01
